1             5         5         5         5
8             8         30        0         33
48            7         33        0         0
59            5         41        0         43
84            4         34        0         57
99            8         34        0         0
248           5         26        0         30
324           3         19        28        0
368           4         27        25        27
591           3         24        0         0
595           6         23        22        0
599           3         22        22        0
679           5         45        0         49
726           4         17        15        20
735           4         17        17        0
759           5         24        0         12
763           4         17        17        8
764           6         45        0         0
783           6         23        0         27
783           4         22        22        25
789           8         22        0         36
807           5         19        29        23
812           4         29        28        33
826           5         32        0         0
875           4         32        31        0
877           3         34        24        39
942           5         38        0         43
951           5         36        0         40
965           4         53        0         56
971           5         49        0         57
1008          4         32        0         0
1010          5         38        0         42
1010          4         43        0         49
1024          4         31        15        35
1045          4         42        0         50
1118          4         46        23        50
1118          4         23        22        50
1131          5         21        27        0
1134          4         28        27        46
1139          3         20        22        25
1175          6         37        0         12
1179          3         32        31        35
1180          3         46        21        49
1196          5         39        0         44
1196          5         37        0         42
1200          4         21        21        11
1200          8         18        0         43
1212          5         37        0         0
1252          4         47        0         52
1291          5         51        0         56
1403          4         29        0         36
1486          3         28        28        28
1563          3         32        30        36
1699          3         29        29        0
2002          4         30        30        35
2267          4         30        32        0
2376          4         43        21        44
2396          5         48        0         51
2609          4         40        0         0
2766          3         36        17        39
3004          3         20        19        43
