1    1             5         5         5         5
1    2             4         38        19        44
1    5             4         21        23        27
0    8             8         30        0         33
0    27            7         41        0         47
0    27            7         34        0         37
0    48            7         33        0         0
0    59            5         41        0         43
0    84            4         34        0         57
0    99            8         34        0         0
0    128           4         40        0         47
1    179           5         18        28        33
1    179           4         29        19        33
1    184           5         26        27        30
1    187           5         23        23        26
0    248           5         34        0         34
1    295           4         24        25        30
1    296           5         26        27        31
1    324           3         19        28        0
1    346           5         21        21        48
1    368           5         24        25        31
1    368           4         27        25        27
0    591           3         24        0         0
1    595           6         23        22        0
1    599           3         22        22        0
0    652           4         44        0         48
0    679           5         45        0         49
1    726           4         17        15        20
1    735           4         17        17        0
0    759           5         24        0         12
1    761           4         25        25        53
1    763           4         17        17        8
0    764           6         45        0         0
0    783           6         23        0         27
1    783           4         22        22        25
0    789           8         22        0         36
0    792           6         37        0         41
1    799           5         28        26        31
1    807           5         19        29        23
1    811           4         17        16        38
1    812           4         29        28        33
0    826           5         32        0         0
1    866           4         27        26        31
1    875           4         32        31        0
1    877           3         34        24        39
1    907           6         19        20        23
0    942           5         38        0         43
0    951           5         36        0         40
0    965           4         53        0         56
0    971           5         49        0         57
0    1008          4         32        0         0
0    1010          5         38        0         42
1    1024          4         31        15        35
0    1037          3         46        0         51
0    1045          4         41        0         48
0    1070          4         35        0         40
1    1118          4         46        23        50
1    1122          4         22        35        39
1    1131          5         21        27        0
1    1134          4         28        27        46
1    1139          3         20        22        25
1    1139          4         23        24        52
1    1148          3         32        32        35
0    1175          6         37        0         12
1    1179          3         32        31        35
1    1180          3         46        21        49
0    1196          5         41        0         48
0    1196          5         39        0         44
0    1196          5         37        0         42
1    1200          4         21        21        11
0    1200          8         18        0         43
0    1212          5         37        0         0
1    1224          4         31        28        32
0    1252          4         47        0         52
0    1291          5         51        0         56
0    1403          4         29        0         36
1    1486          3         28        28        28
1    1486          3         24        25        54
1    1495          4         37        38        43
1    1563          3         32        30        36
1    1699          3         29        29        0
1    1699          4         25        26        29
1    2002          5         27        28        31
1    2005          3         41        20        44
0    2037          4         40        0         45
1    2166          4         14        31        64
1    2267          4         30        32        0
0    2304          5         34        0         41
0    2348          4         34        0         49
1    2376          4         43        21        44
1    2391          7         26        27        27
0    2396          5         48        0         51
1    2413          5         27        26        56
0    2609          4         40        0         0
1    2766          3         36        17        39
1    3004          3         20        19        43
1    3301          4         31        31        35
